|  1P |            |          | 0.0000 | 0.00   | 0.0  |
|  1S |            |          | 0.0000 | 0.00   | 0.0  |
|  2P |            |          | 0.0000 | 0.00   | 0.0  |
|  2S |            |          | 0.0000 | 0.00   | 0.0  |
|  3P |            |          | 0.0000 | 0.00   | 0.0  |
|  3S |            |          | 0.0000 | 0.00   | 0.0  |
|  4P |            |          | 0.0000 | 0.00   | 0.0  |
|  4S |            |          | 0.0000 | 0.00   | 0.0  |
|  5P |            |          | 0.0000 | 0.00   | 0.0  |
|  5S |            |          | 0.0000 | 0.00   | 0.0  |
|  6P |            |          | 0.0000 | 0.00   | 0.0  |
|  6S |            |          | 0.0000 | 0.00   | 0.0  |
|  DP |            |          | 0.0000 | 0.00   | 0.0  |
|  DS |            |          | 0.0000 | 0.00   | 0.0  |
